1
124
1 Porto
2 Lisbon
3 Cordoba
4 Granada
5 Valencia
6 Barcelona
7 Genoa
8 Lyon
9 Rome
10 Venice
11 Paris
12 Prague
13 Krakow
14 Kiev
15 Crimea
16 Athens
17 Fez
18 Tripoli
19 Alexandria
20 Cairo
21 Qusair
22 Suakin
23 Zeila
24 Constantinople
25 Bursa
26 Sardis
27 Ephesus
28 Alanya
29 Konya
30 Antioch
31 Aleppo
32 Palmyra
33 Damascus
34 Tyre
35 Jerusalem
36 Gaza
37 Petra
38 Leuce Come
39 Dara
40 Nisibis
41 Bagdad
42 Trebizond
43 Erzurum
44 Baku
45 Shaki
46 Tbilisi
47 Derbent
48 Tabriz
49 Ecbatana
50 Rostov
51 Elista
52 Astrakhan
53 Rayy
54 Gorgan
55 Nishapur
56 Merv
57 Khiva
58 Bukhara
59 Otrar
60 Kokand
61 Samarkand
62 Medina
63 Jeddan
64 Mecca
65 San'a
66 Muza
67 Aden
68 Cana
69 Salalah
70 Muscat
71 Sohar
72 Hormuz
73 Siraf
74 Apologos
75 Qalhat
76 Susa
77 Isfahan
78 Karachi
79 Barygaza
80 Goa
81 Calicut
82 Kochi
83 Anuradhapura
84 Pondicherry
85 Madras
86 Tamralipti
87 Delhi
88 Taxila
89 Balkh
90 Pegu
91 Malacca
92 Kashgar
93 Khotan
94 Kuqa
95 Turfan
96 Urumqi
97 Dunhuang
98 Chengu
99 Xi'an
100 Shan-du
101 Beijing
102 Loyang
103 Pyongyang
104 Seoul
105 Wuhan
106 Nanjing
107 Busan
108 Fukuoka
109 Nagasaki
110 Nara
111 Osaka
112 Foochow
113 Zaitun
114 Canton
115 Macau
116 Bolinao
117 Cattigara
118 Hoi An
119 Bandar Seri
120 Singapore
121 Sriwijaya
122 Jakarta
123 Sulawesi
156
1 2 313
2 3 502
3 4 206 
4 5 451
4 17 470
5 6 350
6 7 680
7 8 460
7 9 500
7 10 370
8 11 440
9 16 1550
10 16 1900
11 12 1050
12 13 530
13 14 860
14 15 860
15 24 600
15 50 860
15 47 1500
16 19 1100
16 30 1300
16 34 1200
17 18 2100
18 19 1800
19 20 220
19 34 350
20 21 600
21 22 2100
21 38 800
22 23 2100
23 67 250
24 25 110
24 39 1350
25 26 290
26 27 110
26 29 1400
27 28 520
28 29 230
28 30 560
30 31 100
31 32 280
32 33 242
32 41 650
33 34 144
33 35 270
35 36 150
35 37 260
36 37 250
37 38 1280
37 62 1600
39 40 30
40 41 650
41 49 452
41 75 513
41 62 1900
42 43 240
43 44 930
43 48 580
44 45 450
44 47 260
46 47 560
48 49 550
49 53 340
49 77 430
50 51 270
51 52 320
51 59 2800
51 57 1800
53 54 420
53 55 1240
54 56 880
55 56 510
56 58 350
56 61 600
56 89 600
57 58 390
59 60 470
60 61 400
60 92 450
60 96 1700
62 63 450
62 64 510
63 64 100
63 66 1200
64 65 1100
64 69 2500
65 66 400
65 67 380
65 68 800
66 67 340
67 68 540
67 82 3600
68 69 760
69 70 1200
70 71 210
71 72 300
72 73 510
72 77 930
72 78 1450
72 89 2200
73 74 580
74 75 80
75 76 90
78 79 1000
78 88 1300
79 80 880
80 81 600
81 82 170
82 83 480
82 84 540
84 85 150
85 86 2400
86 87 1460
86 90 1800
87 88 755
88 89 940
90 91 2100
91 120 320
92 93 500
92 94 450
93 97 1800
94 95 670
94 97 1200
95 96 240
95 97 890
97 99 1900
98 99 870 
99 100 1100
99 102 490
100 101 370
101 102 800
101 103 900
102 106 900
102 105 510
103 104 200
104 107 350
106 109 900
106 112 1000
107 108 310
108 109 150
109 110 700
110 111 40
112 113 180
113 105 1100
113 114 780
113 116 900
114 115 90
115 118 900
116 117 1300
116 119 2300
118 120 2700
119 120 2700
120 121 600
120 122 110
122 123 220